tracking_residual classical 1 [0.6091740744375896] [0.0859375]
tracking_residual classical 0 [0.6204711973449626] [0.1015625]
tracking_residual l1 0 [0.5379264550905419] [0.2734375]
tracking_residual l1 1 [0.49289278597726127] [0.203125]
tracking_residual dr 0 [0.42040165862148404] [0.1953125]
tracking_residual dr 1 [0.40128034199213836] [0.1640625]
tracking_residual dr_finetune 0 [0.42040165862148404, 0.45007196478607714, 0.41237166470915454, 0.4350507204757554] [0.1953125, 0.2265625, 0.1640625, 0.203125]
tracking_residual dr_finetune 1 [0.40128034199213836, 0.41061079136337664, 0.4464344079283626, 0.4172672897022166] [0.1640625, 0.1640625, 0.1796875, 0.15625]
tracking_residual maml 1 [0.48470223568548115, 0.49020066667296747, 0.5122955018982125, 0.4806269599441873] [0.2109375, 0.203125, 0.21875, 0.203125]
tracking_residual maml 0 [0.4591645758181431, 0.48028079058679357, 0.4364551040878798, 0.45285922704514014] [0.2109375, 0.25, 0.1640625, 0.1640625]
tracking_residual fomaml 0 [0.43747561656259326, 0.45276136381173604, 0.4207981737832147, 0.4260551933361695] [0.171875, 0.2109375, 0.140625, 0.140625]
tracking_residual fomaml 1 [0.4241839476500381, 0.43446419858988866, 0.4625584396179655, 0.42805214812436465] [0.140625, 0.15625, 0.1796875, 0.1328125]
tracking_residual anil 0 [0.46071021048750604, 0.4799235601123204, 0.4434183021880892, 0.4546252575118258] [0.1953125, 0.234375, 0.1796875, 0.171875]
tracking_residual anil 1 [0.44517391531765066, 0.4573523035277902, 0.48154232440133377, 0.4532010329593974] [0.15625, 0.1640625, 0.1875, 0.15625]
tracking_residual metasgd 0 [0.4490297659547131, 0.47056216464636913, 0.431640438661615, 0.4450573752806958] [0.171875, 0.2265625, 0.15625, 0.15625]
tracking_residual metasgd 1 [0.4537009533094557, 0.4646074940791185, 0.4886814293893756, 0.45632416347085253] [0.1484375, 0.1875, 0.203125, 0.15625]
tracking_residual reptile 0 [0.4995409793069431, 0.5139836761113314, 0.49183429992738903, 0.5047291900526696] [0.1015625, 0.1015625, 0.046875, 0.046875]
tracking_residual reptile 1 [0.4775413141993011, 0.4866323207706811, 0.5120759752746835, 0.5042635978790555] [0.0546875, 0.0625, 0.0859375, 0.09375]
tracking_residual pearl 0 [0.5056748550957225, 0.517609993959312, 0.4728350029662663, 0.41884053620965744] [0.234375, 0.2734375, 0.1875, 0.109375]
tracking_residual pearl 1 [0.46240462809654265, 0.4323307204319573, 0.47841514407650926, 0.42518914835792065] [0.1640625, 0.15625, 0.1875, 0.1015625]
tracking_residual rl2 0 [0.4610463723364618, 0.4583945341126955, 0.47716663804869724, 0.4422739506177584] [0.1015625, 0.1328125, 0.15625, 0.109375]
tracking_residual rl2 1 [0.44628471641273926, 0.46778889231370135, 0.46715678292639873, 0.4720709280392782] [0.1015625, 0.125, 0.09375, 0.109375]
tracking_gains dr 0 [0.5619750447908229] [0.265625]
tracking_gains dr 1 [0.5239028198514538] [0.203125]
tracking_gains dr_finetune 0 [0.5619750447908229, 0.5664668788080481, 0.5424864486644654, 0.552352699598526] [0.265625, 0.2890625, 0.2421875, 0.2265625]
tracking_gains dr_finetune 1 [0.5239028198514538, 0.537197605736094, 0.5479628750863687, 0.5133982235658088] [0.203125, 0.203125, 0.1953125, 0.1953125]
tracking_gains maml 0 [0.5397217122621526, 0.539346956363815, 0.5183627040857521, 0.5185236958984613] [0.1953125, 0.203125, 0.1640625, 0.1953125]
tracking_gains maml 1 [0.5007074129054259, 0.5094817961545208, 0.5282807781290763, 0.5017528086510328] [0.109375, 0.1328125, 0.1953125, 0.1796875]
tracking_gains fomaml 0 [0.5307595911614484, 0.5509407900097989, 0.5119309509977984, 0.5230745804794856] [0.1796875, 0.234375, 0.1875, 0.203125]
tracking_gains fomaml 1 [0.49657258166896234, 0.5214972689260144, 0.5404515308654234, 0.5118506642745484] [0.109375, 0.140625, 0.1875, 0.203125]
tracking_gains metasgd 0 [0.5724133522314983, 0.5105877813362816, 0.47104440204531584, 0.4919279561621641] [0.25, 0.21875, 0.1328125, 0.1796875]
tracking_gains metasgd 1 [0.5241872287532287, 0.524220360018173, 0.49600036006614256, 0.4494955769986377] [0.140625, 0.1640625, 0.171875, 0.1640625]
tracking_gains reptile 0 [0.5468306227950819, 0.556430541549913, 0.5298318110754136, 0.5404750919867009] [0.28125, 0.2890625, 0.2578125, 0.2421875]
tracking_gains reptile 1 [0.5189540682964966, 0.537603466969856, 0.5423704212674454, 0.5050943094313907] [0.203125, 0.21875, 0.2265625, 0.1875]
done
